21 31
4333333333333333333333333333335
3000000000001000000000001000003
3001001001111001111111111001113
3001001000001000001001000001003
3001111001111001111001001111003
3000001001000001001001000001003
3001111911111001001001001111003
3001001000000001000000001000003
3001001119111001001001001111003
3000000000000000001001001000003
3001111001111001001111111111003
3001000001001001001000000000003
3001111001001111911001111001003
3000001000000001001000001001003
3191111111111001001001111001003
3000001001000001000000001001003
3001001001001111001001001111003
3001000001000000001001000001003
3001111111119111111111111001003
30000000000000000090000000000R3
7333333333333333333333333333336

