25 37
4333333333333333333333333333333333335
3000000000000000000000000000001000003
3111111001001001001001111001111001113
3000000001001001001001000000001000003
3001111001001001111111001111001001113
3000001001001001000001000001001000003
3111111001111111001111111111111111003
3000001000001000001001000001000000003
3001111111001001111001001001111111003
3000000000000000000000001000001000003
3001111111001119111001111111191111003
3000001001000001000000000000001000003
3001111001001111001001111119111001113
3000001000001000001000001001000000003
3001111001111119111111001001111111003
3001000000000001001000000001000000003
3111001001111001001001111111111111003
3001001001000001001000001000001000003
3001111111111911001001111001111001113
3001001000000000001001001000000000003
3001001001111119111001001001111001113
3000001001001000000000000000001000003
3111001001001001111911001001001111113
30000000000000000000010010010000000R3
7333333333333333333333333333333333336
