22 84
433333333333333333333333333333333333333333333333333333333333333333333333333333333335
300000000000000000111111111111111111111111111111100000000100000000000000000000111113
391111111011100000000000000000000000000000000000100000000101111111111111110000111113
391111111111111111111111111001111111111111110000100000101101111111111111110000111113
391111111110001000000000000000001111111111110000100000100001111111111111110000111013
391111101111111000000000000000001111111111110000100111101111110000000001110111110013
391111101000000111111111100000001111111111110000100100000001111111101010110000110113
391100001000000111111111100000001111111111111011100100000001110000010101110000110113
391111111111111111111111100000001111100000000010000100000001110000010101110011110013
391111111111111111010011100000001111100000111110000100000001110000010101110011111013
391111111111111111000011100000001111100000100000000100000001110000010101110000001013
390000000000000000001111100000001111100000100000000100000001110001110001110000001013
391111111111111111011111100000001111100000100000000100000001110001001011110000001013
391000000000000001011111111100001111100000111111111100000001110001000001110111111013
391001111111111101010010111100001111100000000000000000000001110001111101110000000013
391001000000000101010010111100001111111111111111111111111111110001100001110011111113
391001000000000101011010111111111111111111111111111111111111110001001001110000000013
391001000000000101000010001111111111111111111111111111111111110001001001110011111113
391001000000000100000011111111111110000000000000000000000000000000001001110000000003
391001111111111111111111111111111111110111111101111111111111111111111111111111111103
3900000000000000000000000000000099999999999999999999999999999999999999999999999999R3
733333333333333333333333333333333333333333333333333333333333333333333333333333333336